['st1','st2','st3','st4','st5']
0.44571739435195923
14937
[[0],[3,3],[0,1],[2],[0,0],[0,0],[0],[0,3],[2,4],[],[],[0,0],[0]]
['rt1','rt2','rt3','rt4','rt5']
0.42799654603004456
7005
[[0],[3],[1],[1],[0,0],[0],[],[1,4],[6,5],[],[],[2,2],[]]
['mt1','mt2','mt3','mt4','mt5']
0.4394516348838806
189
[[0],[3],[1],[2],[0],[0],[0],[1],[0],[],[],[2],[0]]
['ht1','ht3','ht4','ht5']
0.42571043968200684
729
[[0],[3,1,3,0,3],[1],[2],[0],[0],[0,0],[1],[3],[],[],[2],[0,0]]
['ft1','ft2','ft4','ft5']
0.3926883935928345
2121
[[0],[3],[0,1],[2],[0,0,0,0],[0,0,0],[],[1,1],[2,6],[],[],[1,2],[]]

['s1']
0.9589339524507523
122929
[[0],[0,3,3,1,3],[0,0,1],[2],[0,0,0,0],[0,0,0],[0,0],[2,2,4,1],[2,2,6,5],[],[],[0,0,2,0],[0,0]]
['r1']
0.6737952023744583
54831
[[0],[0,1,0,1,2],[1],[0,1,1],[0,0],[0],[0,0],[2,4,3,3,0],[6,5],[],[],[2,2,0,0,2],[0,0]]
['m1']
0.6763981893658638
52037
[[0],[2,1,3,3],[0,0,1],[0,1,1],[0,0,0,0,0,0],[0,0,0],[0],[1,4,2,4,1,1],[5,3,0,6,5,5],[],[],[1,2,1,1,2,2],[0]]
['h1']
0.8185559779405593
139461
[[0],[2,3,1,3],[0,0,1],[1],[0,0,0,0],[0,0,0],[0],[4,4,3,3],[5,1,5,3],[],[],[0,0,0,1],[]]
['f1']
0.4716943711042404
61055
[[0],[0,0,3,2],[0,1],[2],[0,0,0,0],[0,0],[0],[0,3,4,3],[6,6,1,4],[],[],[0,2,2,2,2],[0]]


re-train 50epochs
pos-train
S 0.6381
R 0.2536
M 0.5784
H 0.5551
F 0.3923

pre-train
S 0.9642
R 0.3665
M 0.5631
H 0.5953
F 0.4045

unet
S 0.9784
R 0.3665
M 0.3596
H 0.3585
F 0.3665